[[[[7],8],5],[[9,[8,7,8],[],[2,[4],[10],10],[[2],10,8,3,3]],[],[[[[6]],[1],[10]],[],3,6],[3]],[],[4],[3,0,[[1]],1[[0]]]]
[[[[3,2,1,5],[[7]]]],[2,0,7,[4,[4],[10,2,10],[3,0,5,9],1]],[[[]],[[]]],[1,[[0,8,0,3],6,[9,9,5,[5],5],[6]],[[]],8,[[],[0,4,2],[4,2]]],[4]]
left in: => [[[[7],8],5],[[9,[8,7,8],[],[2,[4],[10],10],[[2],10,8,3,3]],[],[[[[6]],[1],[10]],[],3,6],[3]],[],[4],[3,0,[[1]],1[[0]]]]
right in: => [[[[3,2,1,5],[[7]]]],[2,0,7,[4,[4],[10,2,10],[3,0,5,9],1]],[[[]],[[]]],[1,[[0,8,0,3],6,[9,9,5,[5],5],[6]],[[]],8,[[],[0,4,2],[4,2]]],[4]]
left: [
right: [
STEP IN ---------
left in: => [[[7],8],5],[[9,[8,7,8],[],[2,[4],[10],10],[[2],10,8,3,3]],[],[[[[6]],[1],[10]],[],3,6],[3]],[],[4],[3,0,[[1]],1[[0]]]]
right in: => [[[3,2,1,5],[[7]]]],[2,0,7,[4,[4],[10,2,10],[3,0,5,9],1]],[[[]],[[]]],[1,[[0,8,0,3],6,[9,9,5,[5],5],[6]],[[]],8,[[],[0,4,2],[4,2]]],[4]]
left: [
right: [
STEP IN ---------
left in: => [[7],8],5],[[9,[8,7,8],[],[2,[4],[10],10],[[2],10,8,3,3]],[],[[[[6]],[1],[10]],[],3,6],[3]],[],[4],[3,0,[[1]],1[[0]]]]
right in: => [[3,2,1,5],[[7]]]],[2,0,7,[4,[4],[10,2,10],[3,0,5,9],1]],[[[]],[[]]],[1,[[0,8,0,3],6,[9,9,5,[5],5],[6]],[[]],8,[[],[0,4,2],[4,2]]],[4]]
left: [
right: [
STEP IN ---------
left in: => [7],8],5],[[9,[8,7,8],[],[2,[4],[10],10],[[2],10,8,3,3]],[],[[[[6]],[1],[10]],[],3,6],[3]],[],[4],[3,0,[[1]],1[[0]]]]
right in: => [3,2,1,5],[[7]]]],[2,0,7,[4,[4],[10,2,10],[3,0,5,9],1]],[[[]],[[]]],[1,[[0,8,0,3],6,[9,9,5,[5],5],[6]],[[]],8,[[],[0,4,2],[4,2]]],[4]]
left: [
right: [
STEP IN ---------
left in: => 7],8],5],[[9,[8,7,8],[],[2,[4],[10],10],[[2],10,8,3,3]],[],[[[[6]],[1],[10]],[],3,6],[3]],[],[4],[3,0,[[1]],1[[0]]]]
right in: => 3,2,1,5],[[7]]]],[2,0,7,[4,[4],[10,2,10],[3,0,5,9],1]],[[[]],[[]]],[1,[[0,8,0,3],6,[9,9,5,[5],5],[6]],[[]],8,[[],[0,4,2],[4,2]]],[4]]
left: 7
right: 3
STEP OUT --------
STEP OUT --------
STEP OUT --------
STEP OUT --------
[[],[0,[[5,1,1[0],6],[]],5,[[[[3]],2,6,1],0,3],[6,3,[[10],5],[]]]]
[[[[[10],2],6,[1,5,8,[0]],3],[[4,10,8,10,9]],4,[1]],[[10,6],1,[[8,9,7,5]]]]
left in: => [[],[0,[[5,1,1[0],6],[]],5,[[[[3]],2,6,1],0,3],[6,3,[[10],5],[]]]]
right in: => [[[[[10],2],6,[1,5,8,[0]],3],[[4,10,8,10,9]],4,[1]],[[10,6],1,[[8,9,7,5]]]]
left: [
right: [
STEP IN ---------
left in: => [],[0,[[5,1,1[0],6],[]],5,[[[[3]],2,6,1],0,3],[6,3,[[10],5],[]]]]
right in: => [[[[10],2],6,[1,5,8,[0]],3],[[4,10,8,10,9]],4,[1]],[[10,6],1,[[8,9,7,5]]]]
left: [
right: [
STEP IN ---------
left in: => ],[0,[[5,1,1[0],6],[]],5,[[[[3]],2,6,1],0,3],[6,3,[[10],5],[]]]]
right in: => [[[10],2],6,[1,5,8,[0]],3],[[4,10,8,10,9]],4,[1]],[[10,6],1,[[8,9,7,5]]]]
left: ]
right: [
STEP OUT --------
left: ,
right: [
STEP IN ---------
left in: => [0,[[5,1,1[0],6],[]],5,[[[[3]],2,6,1],0,3],[6,3,[[10],5],[]]]]
right in: => [10],2],6,[1,5,8,[0]],3],[[4,10,8,10,9]],4,[1]],[[10,6],1,[[8,9,7,5]]]]
left: ,
right: 0
left: [
right: ]
STEP OUT --------
STEP OUT --------
